69 12 1092
1 18
1 66
3 23
4 17
8 23
8 26
12 21
12 52
16 46
27 45
35 39
38 67
1 7
1 8
1 9
1 14
1 15
1 17
1 19
1 20
1 21
1 25
1 26
1 27
1 29
1 31
1 33
1 34
1 36
1 37
1 38
1 39
1 41
1 43
1 44
1 45
1 52
1 53
1 57
1 60
1 62
1 63
1 65
1 66
1 67
1 68
2 4
2 6
2 7
2 8
2 11
2 12
2 13
2 17
2 18
2 19
2 22
2 23
2 24
2 25
2 28
2 30
2 31
2 32
2 35
2 37
2 42
2 44
2 46
2 47
2 49
2 50
2 51
2 54
2 55
2 56
2 57
2 59
2 60
2 62
2 63
2 64
2 65
2 66
2 68
3 5
3 9
3 10
3 11
3 12
3 13
3 15
3 17
3 18
3 19
3 22
3 25
3 27
3 29
3 30
3 32
3 36
3 37
3 38
3 39
3 43
3 44
3 45
3 47
3 48
3 49
3 51
3 53
3 56
3 57
3 59
3 62
3 64
4 8
4 9
4 10
4 11
4 15
4 17
4 24
4 28
4 30
4 32
4 33
4 34
4 36
4 41
4 42
4 43
4 44
4 46
4 48
4 56
4 57
4 60
4 62
4 63
4 64
4 65
4 67
5 8
5 9
5 12
5 14
5 15
5 16
5 17
5 18
5 20
5 22
5 23
5 24
5 25
5 26
5 27
5 29
5 30
5 35
5 38
5 39
5 41
5 43
5 45
5 49
5 50
5 52
5 53
5 54
5 59
5 60
5 63
5 64
5 65
6 8
6 11
6 13
6 17
6 18
6 19
6 20
6 22
6 26
6 30
6 31
6 35
6 36
6 37
6 41
6 42
6 43
6 44
6 45
6 46
6 47
6 50
6 52
6 53
6 54
6 55
6 56
6 58
6 60
6 61
6 62
6 63
6 65
6 66
6 67
6 68
7 10
7 13
7 14
7 15
7 16
7 17
7 19
7 20
7 23
7 25
7 26
7 27
7 31
7 32
7 34
7 35
7 36
7 42
7 43
7 44
7 47
7 48
7 54
7 55
7 58
7 61
7 62
7 63
7 67
7 68
8 10
8 11
8 12
8 13
8 19
8 21
8 23
8 25
8 26
8 27
8 28
8 29
8 30
8 32
8 35
8 38
8 41
8 45
8 46
8 48
8 50
8 52
8 53
8 55
8 56
8 58
8 59
8 60
8 62
8 63
8 64
8 65
8 66
8 68
9 10
9 11
9 17
9 23
9 31
9 32
9 37
9 39
9 40
9 41
9 45
9 46
9 48
9 50
9 54
9 60
9 62
9 63
9 65
9 66
10 11
10 12
10 13
10 15
10 17
10 19
10 20
10 23
10 27
10 28
10 29
10 30
10 31
10 35
10 38
10 39
10 41
10 43
10 44
10 45
10 46
10 50
10 54
10 55
10 56
10 57
10 58
10 62
11 13
11 15
11 19
11 23
11 24
11 25
11 29
11 30
11 31
11 34
11 36
11 38
11 39
11 40
11 42
11 47
11 50
11 55
11 56
11 58
11 60
11 61
11 66
11 68
12 13
12 16
12 17
12 18
12 23
12 24
12 25
12 30
12 31
12 32
12 33
12 36
12 37
12 38
12 40
12 42
12 45
12 46
12 48
12 55
12 58
12 59
12 61
12 62
12 64
12 65
12 68
13 15
13 16
13 18
13 19
13 23
13 25
13 26
13 29
13 30
13 32
13 33
13 35
13 37
13 39
13 40
13 43
13 47
13 55
13 56
13 57
13 58
13 60
13 67
13 68
14 18
14 19
14 20
14 22
14 25
14 26
14 28
14 29
14 31
14 32
14 34
14 38
14 41
14 42
14 44
14 46
14 49
14 53
14 55
14 57
14 58
14 60
14 62
14 67
14 68
15 19
15 24
15 28
15 29
15 31
15 33
15 34
15 36
15 38
15 39
15 40
15 42
15 43
15 46
15 47
15 49
15 50
15 55
15 56
15 57
15 58
15 61
15 63
15 64
15 65
15 66
16 18
16 22
16 24
16 29
16 31
16 34
16 36
16 37
16 39
16 40
16 41
16 45
16 46
16 47
16 48
16 50
16 51
16 55
16 56
16 57
16 60
16 62
16 67
17 18
17 21
17 25
17 26
17 27
17 31
17 32
17 34
17 35
17 36
17 37
17 38
17 40
17 41
17 42
17 44
17 46
17 48
17 49
17 50
17 51
17 52
17 55
17 56
17 57
17 63
17 66
17 68
18 24
18 28
18 29
18 30
18 31
18 32
18 33
18 34
18 35
18 36
18 37
18 38
18 39
18 40
18 44
18 45
18 46
18 47
18 49
18 52
18 56
18 61
18 66
18 68
19 25
19 28
19 29
19 34
19 35
19 37
19 41
19 43
19 45
19 48
19 53
19 54
19 56
19 62
19 63
19 64
19 66
19 68
20 21
20 22
20 23
20 25
20 26
20 27
20 28
20 29
20 33
20 35
20 37
20 38
20 39
20 41
20 47
20 48
20 49
20 50
20 52
20 57
20 59
20 63
20 64
20 65
20 66
20 67
20 68
21 23
21 24
21 25
21 31
21 32
21 33
21 34
21 35
21 36
21 39
21 42
21 43
21 49
21 51
21 52
21 54
21 55
21 56
21 57
21 59
21 60
21 62
21 65
21 68
22 23
22 24
22 25
22 27
22 28
22 29
22 33
22 34
22 35
22 36
22 40
22 43
22 46
22 47
22 48
22 49
22 54
22 56
22 60
22 63
22 64
22 65
22 67
23 27
23 29
23 30
23 33
23 40
23 41
23 43
23 44
23 45
23 46
23 47
23 49
23 50
23 52
23 53
23 55
23 56
23 59
23 60
23 63
23 65
24 28
24 29
24 30
24 34
24 35
24 37
24 40
24 41
24 42
24 44
24 45
24 47
24 48
24 52
24 55
24 58
24 60
24 62
24 63
24 64
24 66
24 67
24 68
25 26
25 27
25 29
25 31
25 36
25 37
25 39
25 40
25 41
25 42
25 45
25 46
25 48
25 52
25 53
25 56
26 28
26 29
26 31
26 32
26 36
26 39
26 45
26 46
26 48
26 51
26 52
26 53
26 54
26 55
26 58
26 59
26 64
27 33
27 37
27 39
27 40
27 42
27 43
27 44
27 45
27 46
27 49
27 50
27 51
27 52
27 54
27 55
27 56
27 58
27 59
28 29
28 30
28 33
28 36
28 40
28 41
28 42
28 44
28 45
28 47
28 48
28 51
28 52
28 54
28 55
28 57
28 59
28 65
28 66
29 30
29 32
29 45
29 46
29 47
29 49
29 50
29 51
29 52
29 55
29 56
29 60
29 61
29 63
29 64
29 68
30 31
30 35
30 36
30 42
30 47
30 48
30 55
30 57
30 62
30 66
30 67
31 35
31 37
31 38
31 41
31 42
31 47
31 51
31 52
31 53
31 54
31 58
31 62
31 63
31 65
31 66
31 67
31 68
32 36
32 37
32 40
32 45
32 47
32 49
32 50
32 52
32 53
32 57
32 58
32 61
32 65
32 66
33 35
33 36
33 40
33 44
33 47
33 52
33 54
33 56
33 58
33 59
33 61
33 66
33 67
33 68
34 35
34 36
34 37
34 38
34 39
34 41
34 42
34 44
34 48
34 49
34 51
34 52
34 54
34 57
34 59
34 60
34 61
34 63
34 64
34 67
35 36
35 38
35 41
35 42
35 47
35 48
35 50
35 53
35 55
35 56
35 58
35 60
35 62
35 63
35 65
35 66
35 67
35 68
36 41
36 45
36 46
36 48
36 50
36 54
36 55
36 57
36 60
36 61
36 65
36 67
37 38
37 40
37 41
37 42
37 43
37 50
37 51
37 53
37 56
37 61
37 62
37 64
37 66
37 67
37 68
38 39
38 40
38 45
38 46
38 50
38 51
38 52
38 53
38 54
38 57
38 61
38 62
38 64
38 66
38 68
39 40
39 41
39 49
39 51
39 52
39 55
39 60
39 61
39 62
39 63
39 66
39 67
40 41
40 42
40 43
40 45
40 49
40 51
40 52
40 53
40 54
40 55
40 58
40 59
40 67
41 44
41 45
41 47
41 50
41 52
41 53
41 54
41 56
41 58
41 60
41 61
41 62
41 63
41 64
41 65
41 68
42 43
42 44
42 47
42 50
42 51
42 53
42 54
42 56
42 63
42 65
42 68
43 44
43 45
43 47
43 50
43 54
43 55
43 57
43 58
43 60
43 62
43 64
43 65
44 47
44 51
44 52
44 54
44 55
44 57
44 58
44 59
44 61
44 63
44 64
44 65
44 66
44 68
45 47
45 50
45 54
45 55
45 56
45 60
45 61
45 62
45 65
45 66
45 67
45 68
46 49
46 51
46 52
46 54
46 56
46 62
46 63
46 64
46 66
47 48
47 49
47 51
47 54
47 55
47 66
47 67
48 49
48 50
48 52
48 55
48 56
48 57
48 59
48 62
48 65
48 66
48 68
49 50
49 52
49 53
49 55
49 57
49 59
49 61
49 64
49 65
49 66
49 67
50 53
50 54
50 56
50 57
50 59
50 61
50 62
50 64
50 65
50 67
50 68
51 52
51 54
51 59
51 61
51 64
51 66
51 67
51 68
52 53
52 55
52 56
52 58
52 60
52 61
52 62
52 63
52 65
53 55
53 62
53 63
53 66
53 67
54 56
54 59
54 64
54 65
54 66
54 67
55 58
55 61
55 62
55 64
55 65
55 67
55 68
56 57
56 58
56 60
56 63
56 66
57 59
57 61
57 63
57 64
57 65
57 66
57 68
58 59
58 61
58 62
58 63
58 66
58 67
58 68
59 60
59 61
59 62
59 64
59 65
59 66
59 67
60 62
60 63
60 65
60 66
60 67
60 68
61 62
61 65
61 67
61 68
62 63
62 68
63 65
63 67
63 68
64 65
65 66
65 68
66 68
