60 12 701
2 45
4 15
4 33
5 49
9 37
9 40
20 23
22 27
22 51
28 40
43 54
46 53
1 4
1 9
1 10
1 16
1 17
1 18
1 19
1 20
1 22
1 24
1 26
1 29
1 30
1 35
1 38
1 40
1 43
1 44
1 46
1 51
1 53
1 55
1 56
1 57
1 58
2 3
2 5
2 9
2 10
2 13
2 19
2 24
2 29
2 33
2 35
2 36
2 39
2 40
2 42
2 43
2 45
2 46
2 48
2 50
2 51
2 54
3 5
3 19
3 21
3 23
3 24
3 25
3 26
3 27
3 29
3 31
3 32
3 34
3 41
3 43
3 45
3 46
3 51
3 53
3 55
3 56
3 58
4 5
4 8
4 10
4 11
4 16
4 20
4 23
4 29
4 30
4 31
4 33
4 34
4 35
4 36
4 37
4 38
4 39
4 40
4 41
4 42
4 43
4 47
4 49
4 51
4 53
4 56
4 59
5 7
5 8
5 9
5 13
5 15
5 16
5 22
5 23
5 26
5 28
5 30
5 33
5 34
5 35
5 36
5 40
5 44
5 45
5 48
5 54
5 58
6 10
6 13
6 15
6 18
6 24
6 32
6 34
6 35
6 39
6 41
6 42
6 45
6 50
6 59
7 8
7 12
7 13
7 15
7 18
7 21
7 24
7 27
7 34
7 36
7 37
7 38
7 40
7 41
7 42
7 44
7 45
7 52
7 53
7 54
8 9
8 11
8 14
8 17
8 18
8 25
8 28
8 29
8 30
8 31
8 34
8 36
8 37
8 38
8 39
8 40
8 41
8 43
8 45
8 46
8 49
8 51
8 54
8 56
8 58
9 10
9 11
9 13
9 16
9 18
9 21
9 22
9 24
9 25
9 26
9 29
9 30
9 31
9 36
9 39
9 42
9 44
9 46
9 47
9 50
9 53
9 55
10 15
10 17
10 18
10 20
10 24
10 26
10 31
10 33
10 36
10 37
10 40
10 43
10 44
10 46
10 47
10 48
10 49
10 53
10 54
10 55
10 57
10 58
10 59
11 13
11 14
11 15
11 18
11 22
11 26
11 28
11 33
11 34
11 37
11 38
11 43
11 46
11 47
11 49
11 54
11 56
11 57
11 59
12 13
12 14
12 18
12 19
12 20
12 23
12 24
12 27
12 31
12 33
12 34
12 36
12 38
12 43
12 44
12 45
12 48
12 51
12 52
12 54
12 56
12 59
13 14
13 17
13 21
13 23
13 26
13 28
13 31
13 34
13 41
13 42
13 43
13 46
13 48
13 49
13 50
13 57
13 58
13 59
14 16
14 17
14 18
14 24
14 27
14 28
14 30
14 31
14 32
14 33
14 38
14 39
14 41
14 47
14 49
14 52
14 54
14 55
14 56
14 58
14 59
15 16
15 22
15 25
15 28
15 29
15 30
15 32
15 33
15 36
15 39
15 42
15 43
15 44
15 57
15 59
16 18
16 21
16 25
16 27
16 29
16 30
16 33
16 40
16 45
16 51
16 55
16 59
17 18
17 19
17 20
17 21
17 23
17 24
17 25
17 26
17 31
17 32
17 33
17 36
17 37
17 39
17 42
17 43
17 46
17 47
17 49
17 51
17 52
17 55
17 56
17 57
17 59
18 24
18 25
18 32
18 34
18 36
18 37
18 38
18 40
18 41
18 43
18 44
18 46
18 47
18 49
18 51
18 52
18 58
19 20
19 23
19 24
19 25
19 26
19 27
19 29
19 30
19 33
19 34
19 35
19 37
19 44
19 46
19 47
19 50
19 51
19 53
19 54
19 56
20 21
20 25
20 31
20 40
20 43
20 45
20 46
20 47
20 49
20 55
21 22
21 25
21 26
21 27
21 35
21 36
21 37
21 38
21 39
21 40
21 41
21 44
21 46
21 48
21 49
21 50
21 52
21 55
21 56
21 57
22 25
22 30
22 31
22 34
22 35
22 36
22 40
22 42
22 43
22 46
22 48
22 49
22 53
23 27
23 28
23 30
23 31
23 34
23 36
23 42
23 43
23 46
23 47
23 51
23 52
23 53
23 58
24 27
24 28
24 30
24 36
24 37
24 40
24 41
24 42
24 44
24 45
24 46
24 50
24 53
24 58
25 29
25 30
25 32
25 35
25 37
25 39
25 45
25 46
25 49
25 52
25 56
25 58
25 59
26 28
26 30
26 31
26 32
26 36
26 37
26 38
26 39
26 43
26 44
26 46
26 48
26 50
26 51
26 52
26 54
26 58
27 28
27 31
27 32
27 35
27 36
27 39
27 40
27 41
27 42
27 43
27 44
27 45
27 48
27 50
27 51
27 52
27 54
27 57
28 29
28 33
28 39
28 42
28 43
28 57
28 58
29 31
29 35
29 36
29 39
29 40
29 45
29 47
29 51
29 55
29 58
29 59
30 31
30 32
30 36
30 38
30 41
30 43
30 45
30 48
30 49
30 50
30 51
30 53
30 54
30 57
31 35
31 37
31 43
31 45
31 52
31 55
31 57
31 58
31 59
32 34
32 35
32 37
32 38
32 40
32 41
32 43
32 44
32 46
32 47
32 48
32 50
32 51
32 55
32 56
32 59
33 37
33 38
33 39
33 42
33 44
33 45
33 46
33 49
33 54
34 36
34 37
34 38
34 39
34 40
34 41
34 46
34 47
34 49
34 51
34 53
34 54
34 59
35 36
35 43
35 44
35 48
35 50
35 52
35 57
35 58
36 39
36 41
36 45
36 47
36 53
36 55
36 56
36 57
37 38
37 40
37 41
37 44
37 45
37 47
37 50
37 51
37 52
37 53
37 54
37 57
37 58
37 59
38 39
38 41
38 42
38 47
38 52
38 53
38 57
38 58
39 43
39 44
39 52
39 56
39 57
39 58
40 42
40 46
40 50
40 58
41 42
41 43
41 45
41 52
41 54
41 55
41 56
41 57
42 45
42 46
42 47
42 49
42 52
42 53
42 54
42 57
42 58
42 59
43 45
43 48
43 49
43 50
43 54
43 59
44 45
44 51
44 57
45 54
45 55
45 59
46 49
46 52
47 52
47 54
47 55
48 49
48 50
48 59
49 51
49 54
49 55
49 56
49 57
50 54
50 55
50 56
51 54
51 55
51 57
51 58
51 59
52 53
52 55
52 56
52 58
52 59
53 54
53 55
53 57
53 59
54 55
54 57
55 56
55 57
56 57
56 58
57 58
